%YAML:1.0
---
R: !!opencv-matrix
   rows: 3
   cols: 3
   dt: d
   data: [ 9.9083327467867122e-01, -8.9823107801492427e-02,  1.0090208667030831e-01,
           8.9840378045454319e-02,  9.9594653594043825e-01,  4.3822392553528244e-03,
          -1.0088671003750094e-01,  4.7230131402289941e-03,  9.9488670957284708e-01 ]
T: !!opencv-matrix
   rows: 3
   cols: 1
   dt: d
   data: [ -2.4436575925560960e+03, -8.2845386073766853e+00, 2.3864373376754082e+02 ]
R1: !!opencv-matrix
   rows: 3
   cols: 3
   dt: d
   data: [ 9.9624518693570607e-01, -8.6495892392450674e-02,  3.7400677365235363e-03,
           8.6484304926508868e-02,  9.9624821267603858e-01,  3.1565394306172518e-03,
          -3.9990634927221033e-03, -2.8212300565538767e-03,  9.9998802400436226e-01 ]
R2: !!opencv-matrix
   rows: 3
   cols: 3
   dt: d
   data: [ 9.9525959146002752e-01,  3.3741496905824288e-03, -9.7195476853014134e-02,
          -3.4760821303958314e-03,  9.9999357171215342e-01, -8.7942446675316798e-04,
           9.7191884742719142e-02,  1.2131150957448091e-03,  9.9526492246633624e-01 ]
P1: !!opencv-matrix
   rows: 3
   cols: 4
   dt: d
   data: [ 1.1407765100599026e+03,  0.,                      4.9227095794677734e+02,  0.,
           0.,                      1.1407765100599026e+03,  4.2823403930664062e+02,  0.,
           0.,                      0.,                      1.,                      0. ]
P2: !!opencv-matrix
   rows: 3
   cols: 4
   dt: d
   data: [ 1.1407765100599026e+03,  0.,                      8.7316253662109375e+02, -2.8009448028810965e+06,
           0.,                      1.1407765100599026e+03,  4.2823403930664062e+02,  0.,
           0.,                      0.,                      1.,                      0. ]
Q: !!opencv-matrix
   rows: 4
   cols: 4
   dt: d
   data: [ 1.,                      0.,                      0.,                     -4.9227095794677734e+02,
           0.,                      1.,                      0.,                     -4.2823403930664062e+02,
           0.,                      0.,                      0.,                      1.1407765100599026e+03,
           0.,                      0.,                      4.0728275290769091e-04,  1.5513057072183192e-01 ]
