%YAML:1.0
---
R: !!opencv-matrix
   rows: 3
   cols: 3
   dt: d
   data: [ 9.5840570046298212e-01, -9.8488902115069332e-02,  2.6787767633796783e-01,
           9.6271951063377714e-02,  9.9512430746207403e-01,  2.1431848650503595e-02,
          -2.6868238639425429e-01,  5.2487006292776320e-03,  9.6321452770563676e-01 ]
T: !!opencv-matrix
   rows: 3
   cols: 1
   dt: d
   data: [-2.5291176093658905e+03, -1.0760556452579684e+02,  3.4467085288814576e+02 ]
R1: !!opencv-matrix
   rows: 3
   cols: 3
   dt: d
   data: [ 9.8908874970118121e-01, -5.6294141796744863e-02,  1.3614115767805798e-01,
           5.5673539642357328e-02,  9.9841398624776101e-01,  8.3647503577084174e-03,
          -1.3639612237246601e-01, -6.9402033392252434e-04,  9.9065413547692371e-01 ]
R2: !!opencv-matrix
   rows: 3
   cols: 3
   dt: d
   data: [ 9.8996182117124620e-01,  4.2119591525372486e-02, -1.3491305582872642e-01,
          -4.2734129714714679e-02,  9.9908509897289155e-01, -1.6610743070497890e-03,
           1.3471965996407215e-01,  7.4097921741011355e-03,  9.9085604817203454e-01 ]
P1: !!opencv-matrix
   rows: 3
   cols: 4
   dt: d
   data: [ 1.2625767466295033e+03,  0.,                      3.2262023162841797e+02,  0.,
           0.,                      1.2625767466295033e+03,  4.9780619812011719e+02,  0.,
           0.,                      0.,                      1.,                      0. ]
P2: !!opencv-matrix
   rows: 3
   cols: 4
   dt: d
   data: [ 1.2625767466295033e+03,  0.,                      9.5507253265380859e+02, -3.2255840728267878e+06,
           0.,                      1.2625767466295033e+03,  4.9780619812011719e+02,  0.,
           0.,                      0.,                      1.,                      0. ]
Q: !!opencv-matrix
   rows: 4
   cols: 4
   dt: d
   data: [ 1.,                      0.,                      0.,                     -3.2262023162841797e+02,
           0.,                      1.,                      0.,                     -4.9780619812011719e+02,
           0.,                      0.,                      0.,                      1.2625767466295033e+03,
           0.,                      0.,                      3.9142577533966610e-04,  2.4755813229421941e-01 ]

