%YAML:1.0
---
M1: !!opencv-matrix
   rows: 3
   cols: 3
   dt: d
   data: [ 1.7355476879028815e+03,  0.,                      6.0964627515583061e+02,
           0.,                      1.7275187407805956e+03,  5.2122640907113350e+02,
           0.,                      0.,                      1. ]
D1: !!opencv-matrix
   rows: 1
   cols: 5
   dt: d
   data: [-4.2059105123845630e-01,  5.1218970093835670e-01,  0., 0., -7.9376535935753934e-01 ]
M2: !!opencv-matrix
   rows: 3
   cols: 3
   dt: d
   data: [ 1.7355476879028815e+03,  0.,                      6.6623384520177171e+02,
           0.,                      1.7275187407805956e+03,  4.9649045176016944e+02,
           0.,                      0.,                      1. ]
D2: !!opencv-matrix
   rows: 1
   cols: 5
   dt: d
   data: [ -4.4963688358820292e-01, 1.0193716376814990e+00, 0., 0., -2.7806053034604683e+00 ]
