%YAML:1.0
---
M1: !!opencv-matrix
   rows: 3
   cols: 3
   dt: d
   data: [ 1.4504871894762591e+03,  0.,                      5.1165345615299344e+02,
           0.,                      1.4458848248801974e+03,  4.3218014240504596e+02,
           0.,                      0.,                      1. ]
D1: !!opencv-matrix
   rows: 1
   cols: 5
   dt: d
   data: [-3.5658522982918550e-01, -1.1082393679704280e-01,  0., 0., 7.0200165465779429e-01 ]
M2: !!opencv-matrix
   rows: 3
   cols: 3
   dt: d
   data: [ 1.4504871894762591e+03,  0.,                      7.6290429870871117e+02,
           0.,                      1.4458848248801974e+03,  4.1530956513088154e+02,
           0.,                      0.,                      1. ]
D2: !!opencv-matrix
   rows: 1
   cols: 5
   dt: d
   data: [-2.3091479526183856e-01, -1.6556375178428777e+00,  0., 0., 6.8436255731063813e+00 ]
