%YAML:1.0
---
# This file contains rotation and translation matrices to shift origin of 3D points
# 
lpoints: !!opencv-matrix
   rows: 54
   cols: 2
   dt: f
   data: [ 3.87343414e+02, 3.81459198e+02, 4.10985657e+02,
       3.79676788e+02, 4.35215637e+02, 3.78934570e+02, 4.58660950e+02,
       3.77410614e+02, 4.82471222e+02, 3.76351288e+02, 5.05756927e+02,
       3.74868744e+02, 5.29261414e+02, 3.73749054e+02, 5.53467712e+02,
       3.72813416e+02, 5.77255310e+02, 3.71747620e+02, 3.88331512e+02,
       4.04146088e+02, 4.12109100e+02, 4.03194641e+02, 4.35881989e+02,
       4.01678040e+02, 4.59408234e+02, 4.00468811e+02, 4.83213440e+02,
       3.99170563e+02, 5.07049133e+02, 3.97958527e+02, 5.30490601e+02,
       3.96900818e+02, 5.53972961e+02, 3.95693146e+02, 5.77462036e+02,
       3.94691406e+02, 3.89548553e+02, 4.27373657e+02, 4.13226135e+02,
       4.25900757e+02, 4.37270691e+02, 4.24857391e+02, 4.60294922e+02,
       4.23235168e+02, 4.83948730e+02, 4.22135742e+02, 5.07399658e+02,
       4.20923889e+02, 5.30912231e+02, 4.19717224e+02, 5.54658081e+02,
       4.18454468e+02, 5.77693604e+02, 4.17421783e+02, 3.90664948e+02,
       4.50072357e+02, 4.14090729e+02, 4.49184906e+02, 4.37511810e+02,
       4.47537415e+02, 4.61340057e+02, 4.46312378e+02, 4.84613922e+02,
       4.45105408e+02, 5.08145172e+02, 4.43687988e+02, 5.31328125e+02,
       4.42413940e+02, 5.55059082e+02, 4.41228424e+02, 5.78130127e+02,
       4.39983124e+02, 3.92157257e+02, 4.73114502e+02, 4.15268768e+02,
       4.71435944e+02, 4.39506439e+02, 4.70369080e+02, 4.62251862e+02,
       4.69058868e+02, 4.85637726e+02, 4.67553375e+02, 5.08962158e+02,
       4.66131409e+02, 5.31969910e+02, 4.65150238e+02, 5.55436401e+02,
       4.63697174e+02, 5.78875061e+02, 4.62571991e+02, 3.93349762e+02,
       4.95357269e+02, 4.16678375e+02, 4.94007904e+02, 4.40329987e+02,
       4.92720947e+02, 4.63356506e+02, 4.91464722e+02, 4.86413269e+02,
       4.89859497e+02, 5.09571198e+02, 4.88713409e+02, 5.32709839e+02,
       4.87346680e+02, 5.56234192e+02, 4.85833527e+02, 5.79240417e+02,
       4.84799500e+02 ]
rpoints: !!opencv-matrix
   rows: 54
   cols: 2
   dt: f
   data: [ 4.09843964e+02, 3.53722687e+02, 4.31418030e+02,
       3.53679169e+02, 4.53960022e+02, 3.54797852e+02, 4.76226624e+02,
       3.55123016e+02, 4.98832458e+02, 3.55648041e+02, 5.21262939e+02,
       3.55498688e+02, 5.43929871e+02, 3.56935883e+02, 5.66887512e+02,
       3.57473267e+02, 5.89987976e+02, 3.58254852e+02, 4.10869965e+02,
       3.75541565e+02, 4.32997742e+02, 3.76421783e+02, 4.54850708e+02,
       3.76816833e+02, 4.77237549e+02, 3.77465424e+02, 4.99458801e+02,
       3.77920837e+02, 5.22203552e+02, 3.78922729e+02, 5.44910461e+02,
       3.79378510e+02, 5.67497620e+02, 3.80073944e+02, 5.90521301e+02,
       3.80909576e+02, 4.12093567e+02, 3.98005280e+02, 4.33492371e+02,
       3.98709534e+02, 4.55812775e+02, 3.99481812e+02, 4.77768005e+02,
       3.99580841e+02, 5.00297546e+02, 4.00632324e+02, 5.22749023e+02,
       4.01161224e+02, 5.45316711e+02, 4.01966492e+02, 5.68016113e+02,
       4.02661133e+02, 5.91028137e+02, 4.03509674e+02, 4.13120697e+02,
       4.19599030e+02, 4.34663452e+02, 4.20958557e+02, 4.56320557e+02,
       4.21136536e+02, 4.78827393e+02, 4.22040985e+02, 5.01091553e+02,
       4.22740692e+02, 5.23352478e+02, 4.23501923e+02, 5.45768433e+02,
       4.24204285e+02, 5.68654419e+02, 4.25029846e+02, 5.91329346e+02,
       4.25646332e+02, 4.14253845e+02, 4.41902557e+02, 4.35458130e+02,
       4.42620056e+02, 4.57733276e+02, 4.43427002e+02, 4.79432556e+02,
       4.44066742e+02, 5.01839325e+02, 4.45049927e+02, 5.24073486e+02,
       4.45487457e+02, 5.46732178e+02, 4.46385986e+02, 5.69144409e+02,
       4.47362122e+02, 5.91556885e+02, 4.48220703e+02, 4.15367584e+02,
       4.63587067e+02, 4.37025543e+02, 4.64531250e+02, 4.58897430e+02,
       4.65269073e+02, 4.80922699e+02, 4.66065735e+02, 5.02544891e+02,
       4.66729584e+02, 5.25112183e+02, 4.67652863e+02, 5.47398743e+02,
       4.68590851e+02, 5.69734741e+02, 4.69367340e+02, 5.92404846e+02,
       4.70197205e+02 ]
# pts3d is the 3D points cloud generated from lpoints and rpoints without origin shift
pts3d: !!opencv-matrix
   rows: 54
   cols: 3
   dt: f
   data: [ 1.05473602e+02, -6.67700806e+02, 8.29268848e+03,
       2.19296890e+02, -6.69886108e+02, 8.28774316e+03, 3.35807343e+02,
       -6.67207214e+02, 8.28879199e+03, 4.48999176e+02, -6.68850037e+02,
       8.29311621e+03, 5.63882996e+02, -6.68737366e+02, 8.29484668e+03,
       6.76662659e+02, -6.71586121e+02, 8.29792090e+03, 7.90596313e+02,
       -6.69625732e+02, 8.29993066e+03, 9.07105835e+02, -6.68687134e+02,
       8.29193457e+03, 1.02243677e+03, -6.68093567e+02, 8.28970312e+03,
       1.05400345e+02, -5.60688477e+02, 8.33137598e+03, 2.20347351e+02,
       -5.59346985e+02, 8.33486523e+03, 3.35169281e+02, -5.60093994e+02,
       8.32993359e+03, 4.49204010e+02, -5.60305603e+02, 8.33534180e+03,
       5.64155640e+02, -5.60551819e+02, 8.33030273e+03, 6.79713196e+02,
       -5.59727295e+02, 8.33088867e+03, 7.93756165e+02, -5.60163025e+02,
       8.33362012e+03, 9.07755127e+02, -5.60062378e+02, 8.33068555e+03,
       1.02247638e+03, -5.59514465e+02, 8.33190332e+03, 1.06163101e+02,
       -4.50018799e+02, 8.37101367e+03, 2.20918152e+02, -4.49824097e+02,
       8.36277344e+03, 3.37415558e+02, -4.48904266e+02, 8.36195020e+03,
       4.49473419e+02, -4.51566528e+02, 8.36704590e+03, 5.64544800e+02,
       -4.50490540e+02, 8.37000684e+03, 6.78760376e+02, -4.50992218e+02,
       8.37126465e+03, 7.93333557e+02, -4.50760864e+02, 8.37058984e+03,
       9.08780029e+02, -4.50736816e+02, 8.36510156e+03, 1.02253027e+03,
       -4.50689301e+02, 8.37326172e+03, 1.06382462e+02, -3.41893799e+02,
       8.40786719e+03, 2.20408173e+02, -3.39213623e+02, 8.40682422e+03,
       3.34480896e+02, -3.41330017e+02, 8.40333594e+03, 4.50700287e+02,
       -3.40897644e+02, 8.40580957e+03, 5.64491638e+02, -3.41102386e+02,
       8.40978516e+03, 6.79257874e+02, -3.41387634e+02, 8.40638477e+03,
       7.92891235e+02, -3.41792572e+02, 8.40817578e+03, 9.09060608e+02,
       -3.41540619e+02, 8.40601953e+03, 1.02272687e+03, -3.42227692e+02,
       8.40763770e+03, 1.08154655e+02, -2.30212921e+02, 8.44157422e+03,
       2.21210556e+02, -2.31199219e+02, 8.43820801e+03, 3.39430664e+02,
       -2.30397766e+02, 8.43297559e+03, 4.50927612e+02, -2.31088150e+02,
       8.43849609e+03, 5.65773315e+02, -2.31378204e+02, 8.44288770e+03,
       6.80136719e+02, -2.32715775e+02, 8.44190234e+03, 7.93941650e+02,
       -2.32209488e+02, 8.45086816e+03, 9.09001587e+02, -2.32210449e+02,
       8.44476660e+03, 1.02368707e+03, -2.31676010e+02, 8.43623633e+03,
       1.08572899e+02, -1.21390869e+02, 8.47872168e+03, 2.23202133e+02,
       -1.21272026e+02, 8.47992188e+03, 3.39248169e+02, -1.21457329e+02,
       8.47656055e+03, 4.52713654e+02, -1.21680153e+02, 8.48309570e+03,
       5.65972717e+02, -1.22914909e+02, 8.47879492e+03, 6.80611450e+02,
       -1.22645180e+02, 8.48663281e+03, 7.94900269e+02, -1.22766182e+02,
       8.48670703e+03, 9.10442688e+02, -1.23500984e+02, 8.47796680e+03,
       1.02475427e+03, -1.23211922e+02, 8.48070703e+03 ]
R: !!opencv-matrix
   rows: 3
   cols: 3
   dt: f
   data: [ 9.99992847e-01, -2.74541695e-03, 2.60408595e-03,
       1.75809441e-03, 9.46488500e-01, 3.22732747e-01, -3.35077313e-03,
       -3.22725862e-01, 9.46486533e-01 ]
T: !!opencv-matrix
   rows: 3
   cols: 1
   dt: f
   data: [ -1.25797729e+02, -2.78108398e+03, 1.67001953e+02 ]
