%YAML:1.0
---
# This file contains rotation and translation matrices to shift origin of 3D points
# 
objp: !!opencv-matrix
   rows: 54
   cols: 3
   dt: f
   data: [ 1315., -40., 5185., 1430., -40., 5185., 1545., -40., 5185.,
       1660., -40., 5185., 1775., -40., 5185., 1890., -40., 5185., 2005.,
       -40., 5185., 2120., -40., 5185., 2235., -40., 5185., 1315., -40.,
       5070., 1430., -40., 5070., 1545., -40., 5070., 1660., -40., 5070.,
       1775., -40., 5070., 1890., -40., 5070., 2005., -40., 5070., 2120.,
       -40., 5070., 2235., -40., 5070., 1315., -40., 4955., 1430., -40.,
       4955., 1545., -40., 4955., 1660., -40., 4955., 1775., -40., 4955.,
       1890., -40., 4955., 2005., -40., 4955., 2120., -40., 4955., 2235.,
       -40., 4955., 1315., -40., 4840., 1430., -40., 4840., 1545., -40.,
       4840., 1660., -40., 4840., 1775., -40., 4840., 1890., -40., 4840.,
       2005., -40., 4840., 2120., -40., 4840., 2235., -40., 4840., 1315.,
       -40., 4725., 1430., -40., 4725., 1545., -40., 4725., 1660., -40.,
       4725., 1775., -40., 4725., 1890., -40., 4725., 2005., -40., 4725.,
       2120., -40., 4725., 2235., -40., 4725., 1315., -40., 4610., 1430.,
       -40., 4610., 1545., -40., 4610., 1660., -40., 4610., 1775., -40.,
       4610., 1890., -40., 4610., 2005., -40., 4610., 2120., -40., 4610.,
       2235., -40., 4610. ]
lpoints: !!opencv-matrix
   rows: 54
   cols: 2
   dt: f
   data: [ 6.48517761e+02, 8.06280823e+02, 6.81642090e+02,
       8.03397644e+02, 7.15419739e+02, 8.01111206e+02, 7.47946289e+02,
       7.98340759e+02, 7.81039185e+02, 7.95731873e+02, 8.13320435e+02,
       7.93112915e+02, 8.45960022e+02, 7.90748962e+02, 8.77365784e+02,
       7.87336609e+02, 9.09133484e+02, 7.84518921e+02, 6.53878357e+02,
       8.22745056e+02, 6.88027466e+02, 8.20073853e+02, 7.22076233e+02,
       8.17265930e+02, 7.55414978e+02, 8.14688904e+02, 7.88475525e+02,
       8.11648010e+02, 8.21720337e+02, 8.09241394e+02, 8.53924011e+02,
       8.06501587e+02, 8.86802246e+02, 8.03380798e+02, 9.18555603e+02,
       8.00247498e+02, 6.60148926e+02, 8.40098999e+02, 6.94413879e+02,
       8.36619324e+02, 7.29153320e+02, 8.34072266e+02, 7.62829224e+02,
       8.31385803e+02, 7.96859131e+02, 8.28460571e+02, 8.29933899e+02,
       8.25477051e+02, 8.63396545e+02, 8.22615601e+02, 8.96169922e+02,
       8.19267944e+02, 9.28619019e+02, 8.16388184e+02, 6.65165710e+02,
       8.56787048e+02, 7.00582092e+02, 8.54602417e+02, 7.35525574e+02,
       8.51441345e+02, 7.70427063e+02, 8.48777710e+02, 8.04389160e+02,
       8.45307739e+02, 8.38583374e+02, 8.42533142e+02, 8.71783813e+02,
       8.39508423e+02, 9.05590820e+02, 8.36473938e+02, 9.38219727e+02,
       8.33013245e+02, 6.72061707e+02, 8.75705811e+02, 7.07308044e+02,
       8.72598633e+02, 7.43496155e+02, 8.69556763e+02, 7.78325195e+02,
       8.66290466e+02, 8.13402466e+02, 8.63505554e+02, 8.47569336e+02,
       8.60430359e+02, 8.81949036e+02, 8.57279358e+02, 9.15311707e+02,
       8.53215881e+02, 9.48934814e+02, 8.49625854e+02, 6.77927856e+02,
       8.93982788e+02, 7.14540894e+02, 8.91255249e+02, 7.50904846e+02,
       8.87478210e+02, 7.86674622e+02, 8.84718994e+02, 8.21787781e+02,
       8.81456848e+02, 8.56926147e+02, 8.78121521e+02, 8.90860535e+02,
       8.74926819e+02, 9.25934875e+02, 8.71526550e+02, 9.59516174e+02,
       8.67970886e+02 ]
rpoints: !!opencv-matrix
   rows: 54
   cols: 2
   dt: f
   data: [ 3.99735657e+02, 7.80644531e+02, 4.31247223e+02,
       7.83099792e+02, 4.63680969e+02, 7.85758789e+02, 4.96093719e+02,
       7.88247681e+02, 5.28817505e+02, 7.91228333e+02, 5.61694458e+02,
       7.93351135e+02, 5.95012390e+02, 7.96445557e+02, 6.28268250e+02,
       7.98388184e+02, 6.62411499e+02, 8.00270935e+02, 3.90468475e+02,
       7.96267639e+02, 4.22633514e+02, 7.99274414e+02, 4.55308105e+02,
       8.01594055e+02, 4.88327057e+02, 8.04586853e+02, 5.21426941e+02,
       8.07228333e+02, 5.55079102e+02, 8.10041687e+02, 5.88798523e+02,
       8.12681641e+02, 6.22779114e+02, 8.15130676e+02, 6.56852966e+02,
       8.17103271e+02, 3.80667847e+02, 8.13142883e+02, 4.13536682e+02,
       8.15026428e+02, 4.46646759e+02, 8.18589600e+02, 4.80037933e+02,
       8.21426331e+02, 5.13682434e+02, 8.24249756e+02, 5.47843628e+02,
       8.27177673e+02, 5.82386230e+02, 8.29716675e+02, 6.16911377e+02,
       8.31776428e+02, 6.51416199e+02, 8.35044067e+02, 3.70922638e+02,
       8.29128113e+02, 4.04066284e+02, 8.32062012e+02, 4.37483002e+02,
       8.35389954e+02, 4.71988129e+02, 8.37988953e+02, 5.06015137e+02,
       8.41099365e+02, 5.40696228e+02, 8.43654907e+02, 5.75432129e+02,
       8.47006897e+02, 6.10505737e+02, 8.49823242e+02, 6.45840698e+02,
       8.52333801e+02, 3.60614075e+02, 8.46502991e+02, 3.94184937e+02,
       8.49620483e+02, 4.28456299e+02, 8.52967041e+02, 4.63175873e+02,
       8.55658142e+02, 4.98010254e+02, 8.59375732e+02, 5.33052124e+02,
       8.62407288e+02, 5.68527832e+02, 8.65479858e+02, 6.04250122e+02,
       8.67798340e+02, 6.40142944e+02, 8.70509155e+02, 3.50415039e+02,
       8.63705139e+02, 3.84539703e+02, 8.67308228e+02, 4.19182831e+02,
       8.70700134e+02, 4.54409668e+02, 8.74237244e+02, 4.89468292e+02,
       8.77563965e+02, 5.25716187e+02, 8.80606018e+02, 5.61434082e+02,
       8.83927429e+02, 5.97699829e+02, 8.87595886e+02, 6.34156006e+02,
       8.89936584e+02 ]
# pts3d is the 3D points cloud generated from lpoints and rpoints without origin shift
