%YAML:1.0
---
# This file contains rotation and translation matrices to shift origin of 3D points
# 
objp: !!opencv-matrix
   rows: 54
   cols: 3
   dt: f
   data: [ 2275., -40., 5185., 2390., -40., 5185., 2505., -40., 5185.,
       2620., -40., 5185., 2735., -40., 5185., 2850., -40., 5185., 2965.,
       -40., 5185., 3080., -40., 5185., 3195., -40., 5185., 2275., -40.,
       5070., 2390., -40., 5070., 2505., -40., 5070., 2620., -40., 5070.,
       2735., -40., 5070., 2850., -40., 5070., 2965., -40., 5070., 3080.,
       -40., 5070., 3195., -40., 5070., 2275., -40., 4955., 2390., -40.,
       4955., 2505., -40., 4955., 2620., -40., 4955., 2735., -40., 4955.,
       2850., -40., 4955., 2965., -40., 4955., 3080., -40., 4955., 3195.,
       -40., 4955., 2275., -40., 4840., 2390., -40., 4840., 2505., -40.,
       4840., 2620., -40., 4840., 2735., -40., 4840., 2850., -40., 4840.,
       2965., -40., 4840., 3080., -40., 4840., 3195., -40., 4840., 2275.,
       -40., 4725., 2390., -40., 4725., 2505., -40., 4725., 2620., -40.,
       4725., 2735., -40., 4725., 2850., -40., 4725., 2965., -40., 4725.,
       3080., -40., 4725., 3195., -40., 4725., 2275., -40., 4610., 2390.,
       -40., 4610., 2505., -40., 4610., 2620., -40., 4610., 2735., -40.,
       4610., 2850., -40., 4610., 2965., -40., 4610., 3080., -40., 4610.,
       3195., -40., 4610. ]
lpoints: !!opencv-matrix
   rows: 54
   cols: 2
   dt: f
   data: [ 9.18697937e+02, 7.83482361e+02, 9.49599365e+02,
       7.80374939e+02, 9.80560669e+02, 7.76965088e+02, 1.01048230e+03,
       7.73970337e+02, 1.04105530e+03, 7.71207825e+02, 1.06955005e+03,
       7.67406799e+02, 1.09871448e+03, 7.64502441e+02, 1.12680200e+03,
       7.60591064e+02, 1.15489709e+03, 7.57363586e+02, 9.28594849e+02,
       7.98925598e+02, 9.59962158e+02, 7.95534058e+02, 9.91036865e+02,
       7.91863892e+02, 1.02168799e+03, 7.88691467e+02, 1.05160522e+03,
       7.85298767e+02, 1.08154395e+03, 7.82042908e+02, 1.11054944e+03,
       7.78760559e+02, 1.13942566e+03, 7.75484558e+02, 1.16768066e+03,
       7.71883179e+02, 9.39083374e+02, 8.14436035e+02, 9.70607727e+02,
       8.10512207e+02, 1.00190070e+03, 8.07517151e+02, 1.03324109e+03,
       8.04158569e+02, 1.06387695e+03, 8.00521118e+02, 1.09323694e+03,
       7.97048401e+02, 1.12338660e+03, 7.93751770e+02, 1.15240747e+03,
       7.89744080e+02, 1.18065686e+03, 7.86651611e+02, 9.49151123e+02,
       8.31150879e+02, 9.81475220e+02, 8.27459167e+02, 1.01285907e+03,
       8.23658936e+02, 1.04446680e+03, 8.19722046e+02, 1.07546729e+03,
       8.16298462e+02, 1.10602283e+03, 8.12784546e+02, 1.13554602e+03,
       8.09180237e+02, 1.16525000e+03, 8.05571655e+02, 1.19409875e+03,
       8.01663818e+02, 9.60185974e+02, 8.47678894e+02, 9.92582764e+02,
       8.43845154e+02, 1.02506213e+03, 8.40237061e+02, 1.05667590e+03,
       8.35821533e+02, 1.08824390e+03, 8.32504883e+02, 1.11849866e+03,
       8.28738647e+02, 1.14877527e+03, 8.24996582e+02, 1.17802942e+03,
       8.20693176e+02, 1.20742212e+03, 8.16722229e+02, 9.71032471e+02,
       8.64711731e+02, 1.00440015e+03, 8.60805176e+02, 1.03646326e+03,
       8.56674561e+02, 1.06863794e+03, 8.52139099e+02, 1.10019873e+03,
       8.48865417e+02, 1.13175647e+03, 8.45144531e+02, 1.16183276e+03,
       8.40806335e+02, 1.19234668e+03, 8.37331421e+02, 1.22121570e+03,
       8.32657349e+02 ]
rpoints: !!opencv-matrix
   rows: 54
   cols: 2
   dt: f
   data: [ 6.73210938e+02, 8.01266907e+02, 7.06697205e+02,
       8.02613647e+02, 7.40786499e+02, 8.04754150e+02, 7.74894165e+02,
       8.06435974e+02, 8.09332764e+02, 8.08133911e+02, 8.43395935e+02,
       8.09719849e+02, 8.77616638e+02, 8.11613098e+02, 9.11643555e+02,
       8.12867554e+02, 9.45724182e+02, 8.14253784e+02, 6.68263794e+02,
       8.17607666e+02, 7.02638000e+02, 8.19595459e+02, 7.37220886e+02,
       8.21416626e+02, 7.72160645e+02, 8.23487732e+02, 8.06680786e+02,
       8.25283936e+02, 8.41469543e+02, 8.27211426e+02, 8.76455688e+02,
       8.28797791e+02, 9.11467651e+02, 8.30090332e+02, 9.45666870e+02,
       8.31537903e+02, 6.63331482e+02, 8.34722412e+02, 6.98509338e+02,
       8.36170288e+02, 7.33509766e+02, 8.38623474e+02, 7.68868713e+02,
       8.40663635e+02, 8.04274109e+02, 8.42505249e+02, 8.39527466e+02,
       8.44485474e+02, 8.75425354e+02, 8.46172668e+02, 9.10490295e+02,
       8.47618652e+02, 9.45535767e+02, 8.49373962e+02, 6.57772949e+02,
       8.52365662e+02, 6.93231567e+02, 8.54601379e+02, 7.29158081e+02,
       8.56705627e+02, 7.65274231e+02, 8.58756592e+02, 8.01261719e+02,
       8.60548157e+02, 8.37373718e+02, 8.62438904e+02, 8.73297668e+02,
       8.64566162e+02, 9.09450012e+02, 8.66221497e+02, 9.45445190e+02,
       8.67595825e+02, 6.52514648e+02, 8.70704407e+02, 6.88584839e+02,
       8.73206543e+02, 7.24937378e+02, 8.75379700e+02, 7.62213013e+02,
       8.77280640e+02, 7.98522644e+02, 8.79518433e+02, 8.35239258e+02,
       8.81589355e+02, 8.71685486e+02, 8.83463867e+02, 9.08524719e+02,
       8.84933716e+02, 9.45296936e+02, 8.86100281e+02, 6.46884216e+02,
       8.89401367e+02, 6.83885986e+02, 8.91636719e+02, 7.21038208e+02,
       8.93826538e+02, 7.58425537e+02, 8.96515991e+02, 7.95570740e+02,
       8.98497131e+02, 8.32980530e+02, 9.00889954e+02, 8.70250122e+02,
       9.02660156e+02, 9.07456299e+02, 9.04606079e+02, 9.44864807e+02,
       9.06304443e+02 ]
# pts3d is the 3D points cloud generated from lpoints and rpoints without origin shift
