%YAML:1.0
---
# This file contains rotation and translation matrices to shift origin of 3D points
# 
objp: !!opencv-matrix
   rows: 54
   cols: 3
   dt: f
   data: [ 585., -40., 5300., 700., -40., 5300., 815., -40., 5300., 930.,
       -40., 5300., 1045., -40., 5300., 1160., -40., 5300., 1275., -40.,
       5300., 1390., -40., 5300., 1505., -40., 5300., 585., -40., 5185.,
       700., -40., 5185., 815., -40., 5185., 930., -40., 5185., 1045.,
       -40., 5185., 1160., -40., 5185., 1275., -40., 5185., 1390., -40.,
       5185., 1505., -40., 5185., 585., -40., 5070., 700., -40., 5070.,
       815., -40., 5070., 930., -40., 5070., 1045., -40., 5070., 1160.,
       -40., 5070., 1275., -40., 5070., 1390., -40., 5070., 1505., -40.,
       5070., 585., -40., 4955., 700., -40., 4955., 815., -40., 4955.,
       930., -40., 4955., 1045., -40., 4955., 1160., -40., 4955., 1275.,
       -40., 4955., 1390., -40., 4955., 1505., -40., 4955., 585., -40.,
       4840., 700., -40., 4840., 815., -40., 4840., 930., -40., 4840.,
       1045., -40., 4840., 1160., -40., 4840., 1275., -40., 4840., 1390.,
       -40., 4840., 1505., -40., 4840., 585., -40., 4725., 700., -40.,
       4725., 815., -40., 4725., 930., -40., 4725., 1045., -40., 4725.,
       1160., -40., 4725., 1275., -40., 4725., 1390., -40., 4725., 1505.,
       -40., 4725. ]
lpoints: !!opencv-matrix
   rows: 54
   cols: 2
   dt: f
   data: [ 4.34580475e+02, 8.19095764e+02, 4.67628784e+02,
       8.16750000e+02, 5.02508362e+02, 8.14945129e+02, 5.36269897e+02,
       8.12504333e+02, 5.70489685e+02, 8.10289795e+02, 6.03986694e+02,
       8.08067871e+02, 6.38267273e+02, 8.06018250e+02, 6.71355652e+02,
       8.03237305e+02, 7.04623352e+02, 8.00599854e+02, 4.35980530e+02,
       8.35469849e+02, 4.70708588e+02, 8.33682434e+02, 5.05432373e+02,
       8.31102966e+02, 5.40310303e+02, 8.29366211e+02, 5.74666626e+02,
       8.27025513e+02, 6.09219055e+02, 8.24921326e+02, 6.43453430e+02,
       8.22361877e+02, 6.77556213e+02, 8.19652710e+02, 7.11150146e+02,
       8.16890015e+02, 4.38660767e+02, 8.53400513e+02, 4.73730164e+02,
       8.50474854e+02, 5.08909027e+02, 8.49065613e+02, 5.44282227e+02,
       8.46474426e+02, 5.79387573e+02, 8.44061401e+02, 6.14141479e+02,
       8.41892029e+02, 6.49301270e+02, 8.39454712e+02, 6.83644592e+02,
       8.36458069e+02, 7.18132568e+02, 8.33874939e+02, 4.40073486e+02,
       8.71285950e+02, 4.76258026e+02, 8.69282471e+02, 5.12094971e+02,
       8.67056030e+02, 5.48163513e+02, 8.64590637e+02, 5.83683472e+02,
       8.61827026e+02, 6.19312439e+02, 8.59529419e+02, 6.54606140e+02,
       8.57114319e+02, 6.90059204e+02, 8.54522705e+02, 7.24671448e+02,
       8.51440063e+02, 4.42702423e+02, 8.89964478e+02, 4.79127014e+02,
       8.87414185e+02, 5.15779724e+02, 8.85335144e+02, 5.52424377e+02,
       8.82492493e+02, 5.88984436e+02, 8.80624878e+02, 6.24848755e+02,
       8.77895508e+02, 6.60975098e+02, 8.75468628e+02, 6.96601440e+02,
       8.72183655e+02, 7.32235229e+02, 8.69059814e+02, 4.45215546e+02,
       9.09000549e+02, 4.82551453e+02, 9.07468384e+02, 5.19477051e+02,
       9.04210876e+02, 5.57005371e+02, 9.01830017e+02, 5.93577209e+02,
       8.99354431e+02, 6.30626282e+02, 8.96715576e+02, 6.67143738e+02,
       8.93861755e+02, 7.03751038e+02, 8.91381836e+02, 7.39619324e+02,
       8.88153748e+02 ]
rpoints: !!opencv-matrix
   rows: 54
   cols: 2
   dt: f
   data: [ 2.08487991e+02, 7.61321716e+02, 2.37616501e+02,
       7.63755493e+02, 2.67312958e+02, 7.67198547e+02, 2.97607574e+02,
       7.69721069e+02, 3.28223785e+02, 7.73005737e+02, 3.59053162e+02,
       7.75572937e+02, 3.90542633e+02, 7.78886597e+02, 4.21931122e+02,
       7.81271667e+02, 4.54395508e+02, 7.83545288e+02, 1.96903641e+02,
       7.75738708e+02, 2.26431137e+02, 7.79160461e+02, 2.56422546e+02,
       7.81975952e+02, 2.87303955e+02, 7.85155273e+02, 3.18019287e+02,
       7.88025574e+02, 3.49481995e+02, 7.91288330e+02, 3.81146942e+02,
       7.94304016e+02, 4.13472626e+02, 7.97169617e+02, 4.45715271e+02,
       7.99514404e+02, 1.84835938e+02, 7.91276550e+02, 2.14721298e+02,
       7.93799927e+02, 2.45488876e+02, 7.97435730e+02, 2.76071014e+02,
       8.00585022e+02, 3.07608398e+02, 8.04006653e+02, 3.39360168e+02,
       8.07326416e+02, 3.71739655e+02, 8.10448792e+02, 4.04128632e+02,
       8.13196777e+02, 4.36979889e+02, 8.16502808e+02, 1.72381241e+02,
       8.06695679e+02, 2.02453979e+02, 8.09850525e+02, 2.33291016e+02,
       8.13433350e+02, 2.65112915e+02, 8.17038269e+02, 2.96726471e+02,
       8.20108826e+02, 3.29033783e+02, 8.23502319e+02, 3.61594208e+02,
       8.27240356e+02, 3.94637115e+02, 8.30481995e+02, 4.28000580e+02,
       8.33379333e+02, 1.59444336e+02, 8.22841614e+02, 1.90181824e+02,
       8.26187439e+02, 2.21583847e+02, 8.29901001e+02, 2.53450195e+02,
       8.33116272e+02, 2.85761108e+02, 8.37160400e+02, 3.18365814e+02,
       8.40729919e+02, 3.51549988e+02, 8.44384888e+02, 3.85078705e+02,
       8.47347168e+02, 4.18885956e+02, 8.50463379e+02, 1.46716019e+02,
       8.38914062e+02, 1.78011124e+02, 8.42784363e+02, 2.09756119e+02,
       8.46337036e+02, 2.41813782e+02, 8.50432678e+02, 2.74297485e+02,
       8.54230774e+02, 3.07613647e+02, 8.58179260e+02, 3.41238342e+02,
       8.61786621e+02, 3.75243256e+02, 8.65597717e+02, 4.09551056e+02,
       8.69154053e+02 ]
# pts3d is the 3D points cloud generated from lpoints and rpoints without origin shift
